new_id,original_id
0,1
1,2
2,3
3,4
4,5
5,6
6,7
7,8
8,9
9,10
10,11
11,12
12,13
13,14
14,15
15,16
16,17
17,18
18,19
19,20
20,21
21,22
22,23
23,24
24,25
25,26
26,27
27,28
28,29
29,30
30,31
31,32
32,33
33,34
34,35
35,36
36,37
37,38
38,39
39,40
40,41
41,42
42,43
43,44
44,45
45,46
46,47
47,48
48,49
49,50
50,51
51,52
52,53
53,54
54,55
55,56
56,57
57,58
58,59
59,60
60,61
61,62
62,63
63,64
64,65
65,66
66,67
67,68
68,69
69,70
70,71
71,72
72,73
73,74
74,75
75,76
76,77
77,78
78,79
79,80
80,81
81,82
82,83
83,84
84,85
85,86
86,87
87,88
88,89
89,90
90,91
91,92
92,93
93,94
94,95
95,96
96,97
97,98
98,99
99,100
100,101
101,102
102,103
103,104
104,105
105,106
106,107
107,108
108,109
109,110
110,111
111,112
112,113
113,114
114,115
115,116
116,117
117,118
118,120
119,121
120,122
121,123
122,124
123,125
124,126
125,127
126,128
127,129
128,130
129,131
130,132
131,133
132,134
133,135
134,136
135,137
136,138
137,139
138,140
139,141
140,142
141,143
142,144
143,145
144,146
145,147
146,148
147,149
148,150
149,151
150,152
151,153
152,154
153,155
154,156
155,157
156,158
157,159
158,160
159,161
160,162
161,163
162,164
163,165
164,166
165,167
166,168
167,169
168,170
169,171
170,172
171,173
172,174
173,175
174,176
175,177
176,178
177,179
178,180
179,181
180,182
181,183
182,184
183,185
184,186
185,187
186,188
187,189
188,190
189,191
190,192
191,193
192,194
193,195
194,196
195,197
196,198
197,199
198,200
199,201
200,202
201,203
202,204
203,205
204,206
205,207
206,208
207,209
208,210
209,211
210,212
211,213
212,214
213,215
214,216
215,217
216,218
217,219
218,220
219,221
220,222
221,223
222,224
223,225
224,226
225,227
226,228
227,229
228,230
229,231
230,232
231,233
232,234
233,235
234,236
235,237
236,238
237,239
238,240
239,241
240,242
241,243
242,244
243,245
244,246
245,247
246,248
247,249
248,250
249,251
250,252
251,253
252,254
253,255
254,256
255,257
256,258
257,259
258,260
259,261
260,262
261,263
262,264
263,265
264,266
265,267
266,268
267,269
268,270
269,271
270,272
271,273
272,274
273,275
274,276
275,277
276,278
277,279
278,280
279,281
280,282
281,283
282,284
283,285
284,286
285,287
286,288
287,289
288,290
289,291
290,292
291,293
292,294
293,295
294,296
295,297
296,298
297,299
298,300
299,301
300,302
301,303
302,304
303,305
304,306
305,307
306,308
307,309
308,310
309,311
310,312
311,313
312,314
313,315
314,316
315,317
316,318
317,319
318,320
319,321
320,322
321,323
322,324
323,325
324,326
325,327
326,328
327,329
328,330
329,331
330,332
331,333
332,334
333,335
334,336
335,337
336,338
337,339
338,340
339,341
340,342
341,343
342,344
343,345
344,346
345,347
346,348
347,349
348,350
349,351
350,352
351,353
352,354
353,355
354,356
355,357
356,358
357,359
358,360
359,361
360,362
361,363
362,364
363,365
364,366
365,367
366,368
367,369
368,370
369,371
370,372
371,373
372,374
373,375
374,376
375,377
376,378
377,379
378,380
379,381
380,382
381,383
382,384
383,385
384,386
385,387
386,388
387,389
388,390
389,391
390,392
391,393
392,394
393,395
394,396
395,397
396,398
397,399
398,400
399,401
400,402
401,403
402,404
403,405
404,406
405,407
406,408
407,409
408,410
409,411
410,412
411,413
412,414
413,415
414,416
415,417
416,418
417,419
418,420
419,421
420,422
421,423
422,424
423,425
424,426
425,427
426,428
427,429
428,430
429,431
430,432
431,433
432,434
433,435
434,436
435,437
436,438
437,439
438,440
439,441
440,443
441,444
442,445
443,446
444,447
445,448
446,449
447,450
448,451
449,452
450,453
451,454
452,455
453,456
454,457
455,458
456,459
457,460
458,461
459,462
460,463
461,464
462,465
463,466
464,467
465,468
466,469
467,470
468,471
469,472
470,473
471,474
472,475
473,476
474,477
475,478
476,479
477,480
478,481
479,482
480,483
481,484
482,485
483,486
484,487
485,488
486,489
487,490
488,491
489,492
490,493
491,494
492,495
493,496
494,497
495,498
496,499
497,500
498,501
499,502
500,503
501,504
502,505
503,506
504,507
505,508
506,509
507,510
508,511
509,512
510,513
511,514
512,515
513,516
514,517
515,518
516,519
517,520
518,521
519,522
520,523
521,524
522,525
523,526
524,527
525,528
526,529
527,530
528,531
529,532
530,533
531,534
532,535
533,536
534,537
535,538
536,539
537,540
538,541
539,542
540,543
541,544
542,545
543,546
544,547
545,548
546,549
547,550
548,551
549,552
550,553
551,554
552,555
553,556
554,557
555,558
556,559
557,560
558,561
559,562
560,563
561,564
562,565
563,566
564,567
565,568
566,569
567,570
568,571
569,572
570,573
571,574
572,575
573,576
574,577
575,578
576,579
577,580
578,581
579,582
580,583
581,584
582,585
583,586
584,587
585,588
586,589
587,590
588,591
589,592
590,593
591,594
592,595
593,596
594,597
595,601
596,602
597,603
598,604
599,605
600,606
601,607
602,608
603,609
604,610
605,611
606,612
607,613
608,614
609,615
610,616
611,617
612,618
613,619
614,620
615,621
616,622
617,623
618,624
619,625
620,627
621,628
622,629
623,630
624,631
625,632
626,633
627,634
628,635
629,636
630,637
631,638
632,639
633,640
634,641
635,642
636,644
637,645
638,646
639,647
640,648
641,649
642,650
643,651
644,652
645,653
646,654
647,655
648,656
649,657
650,658
651,659
652,660
653,661
654,662
655,663
656,664
657,665
658,666
659,667
660,668
661,669
662,670
663,671
664,672
665,673
666,674
667,675
668,676
669,678
670,679
671,680
672,681
673,682
674,683
675,684
676,685
677,686
678,687
679,688
680,689
681,690
682,691
683,692
684,693
685,694
686,695
687,696
688,697
689,698
690,699
691,700
692,701
693,702
694,703
695,704
696,705
697,706
698,707
699,708
700,709
701,710
702,712
703,713
704,714
705,715
706,716
707,717
708,718
709,719
710,720
711,721
712,722
713,723
714,724
715,725
716,726
717,727
718,728
719,729
720,730
721,731
722,732
723,733
724,734
725,735
726,736
727,737
728,738
729,739
730,740
731,741
732,742
733,743
734,744
735,745
736,746
737,747
738,748
739,749
740,750
741,751
742,752
743,753
744,754
745,755
746,756
747,758
748,759
749,760
750,761
751,762
752,763
753,764
754,765
755,766
756,767
757,768
758,769
759,770
760,771
761,772
762,773
763,774
764,775
765,776
766,778
767,779
768,780
769,781
770,782
771,783
772,785
773,786
774,787
775,789
776,790
777,791
778,792
779,793
780,794
781,795
782,796
783,797
784,798
785,799
786,800
787,801
788,802
789,803
790,804
791,805
792,806
793,807
794,808
795,809
796,810
797,811
798,812
799,813
800,815
801,816
802,818
803,819
804,820
805,821
806,823
807,824
808,825
809,826
810,827
811,828
812,829
813,831
814,832
815,833
816,834
817,835
818,836
819,837
820,840
821,841
822,842
823,843
824,844
825,845
826,846
827,847
828,848
829,849
830,853
831,854
832,855
833,856
834,859
835,860
836,862
837,863
838,864
839,865
840,866
841,867
842,868
843,869
844,870
845,871
846,872
847,873
848,874
849,875
850,876
851,877
852,878
853,879
854,880
855,881
856,882
857,883
858,884
859,885
860,886
861,887
862,888
863,889
864,890
865,891
866,892
867,893
868,894
869,895
870,896
871,898
872,899
873,900
874,901
875,902
876,903
877,904
878,905
879,906
880,908
881,909
882,912
883,914
884,915
885,916
886,917
887,918
888,919
889,920
890,921
891,922
892,923
893,924
894,925
895,926
896,927
897,928
898,929
899,930
900,931
901,932
902,933
903,934
904,935
905,936
906,937
907,938
908,939
909,940
910,941
911,942
912,943
913,944
914,945
915,946
916,947
917,948
918,949
919,950
920,951
921,952
922,953
923,954
924,955
925,956
926,958
927,959
928,960
929,961
930,962
931,963
932,964
933,965
934,966
935,967
936,968
937,969
938,970
939,971
940,972
941,974
942,975
943,976
944,977
945,978
946,979
947,980
948,981
949,982
950,983
951,984
952,985
953,986
954,988
955,989
956,990
957,991
958,993
959,994
960,995
961,996
962,997
963,998
964,999
965,1000
966,1001
967,1002
968,1003
969,1004
970,1005
971,1006
972,1007
973,1008
974,1009
975,1010
976,1011
977,1012
978,1013
979,1014
980,1015
981,1016
982,1017
983,1018
984,1019
985,1020
986,1021
987,1022
988,1023
989,1024
990,1025
991,1028
992,1029
993,1030
994,1031
995,1032
996,1033
997,1034
998,1035
999,1036
1000,1037
1001,1038
1002,1039
1003,1040
1004,1041
1005,1042
1006,1043
1007,1044
1008,1045
1009,1046
1010,1047
1011,1048
1012,1049
1013,1050
1014,1051
1015,1052
1016,1053
1017,1054
1018,1055
1019,1056
1020,1057
1021,1058
1022,1059
1023,1060
1024,1061
1025,1062
1026,1063
1027,1065
1028,1066
1029,1067
1030,1068
1031,1069
1032,1070
1033,1071
1034,1072
1035,1073
1036,1074
1037,1075
1038,1076
1039,1077
1040,1078
1041,1079
1042,1081
1043,1082
1044,1083
1045,1084
1046,1085
1047,1086
1048,1087
1049,1088
1050,1089
1051,1090
1052,1091
1053,1092
1054,1093
1055,1094
1056,1095
1057,1097
1058,1098
1059,1099
1060,1100
1061,1101
1062,1102
1063,1103
1064,1105
1065,1107
1066,1108
1067,1109
1068,1110
1069,1111
1070,1112
1071,1113
1072,1114
1073,1115
1074,1116
1075,1117
1076,1118
1077,1119
1078,1120
1079,1121
1080,1124
1081,1126
1082,1127
1083,1128
1084,1129
1085,1131
1086,1132
1087,1133
1088,1134
1089,1135
1090,1136
1091,1137
1092,1138
1093,1139
1094,1140
1095,1141
1096,1142
1097,1143
1098,1145
1099,1147
1100,1148
1101,1149
1102,1150
1103,1151
1104,1152
1105,1153
1106,1154
1107,1157
1108,1159
1109,1160
1110,1161
1111,1162
1112,1163
1113,1164
1114,1165
1115,1166
1116,1167
1117,1168
1118,1169
1119,1170
1120,1171
1121,1172
1122,1173
1123,1174
1124,1175
1125,1176
1126,1177
1127,1178
1128,1179
1129,1180
1130,1181
1131,1182
1132,1183
1133,1184
1134,1185
1135,1187
1136,1188
1137,1190
1138,1192
1139,1193
1140,1194
1141,1195
1142,1197
1143,1198
1144,1199
1145,1200
1146,1202
1147,1203
1148,1204
1149,1205
1150,1206
1151,1207
1152,1208
1153,1209
1154,1210
1155,1211
1156,1212
1157,1213
1158,1214
1159,1215
1160,1216
1161,1217
1162,1218
1163,1219
1164,1220
1165,1221
1166,1222
1167,1224
1168,1225
1169,1226
1170,1227
1171,1228
1172,1229
1173,1230
1174,1231
1175,1232
1176,1233
1177,1234
1178,1237
1179,1238
1180,1239
1181,1240
1182,1241
1183,1242
1184,1243
1185,1244
1186,1245
1187,1246
1188,1247
1189,1248
1190,1249
1191,1250
1192,1251
1193,1252
1194,1253
1195,1254
1196,1255
1197,1258
1198,1262
1199,1263
1200,1264
1201,1265
1202,1266
1203,1267
1204,1268
1205,1269
1206,1270
1207,1271
1208,1272
1209,1273
1210,1274
1211,1276
1212,1277
1213,1278
1214,1279
1215,1280
1216,1281
1217,1282
1218,1283
1219,1284
1220,1285
1221,1286
1222,1287
1223,1288
1224,1289
1225,1291
1226,1294
1227,1295
1228,1296
1229,1297
1230,1298
1231,1299
1232,1300
1233,1301
1234,1302
1235,1303
1236,1305
1237,1311
1238,1312
1239,1313
1240,1314
1241,1315
1242,1316
1243,1322
1244,1324
1245,1326
1246,1328
1247,1333
1248,1335
1249,1336
1250,1337
1251,1344
1252,1346
1253,1353
1254,1355
1255,1367
1256,1368
1257,1375
1258,1376
1259,1378
1260,1379
1261,1380
1262,1381
1263,1383
1264,1385
1265,1386
1266,1388
1267,1392
1268,1393
1269,1394
1270,1395
1271,1396
1272,1397
1273,1399
1274,1400
1275,1401
1276,1404
1277,1405
1278,1406
1279,1407
1280,1409
1281,1411
1282,1412
1283,1413
1284,1415
1285,1416
1286,1419
1287,1421
1288,1425
1289,1426
1290,1427
1291,1428
1292,1431
1293,1434
1294,1435
1295,1437
1296,1438
1297,1439
1298,1440
1299,1441
1300,1442
1301,1444
1302,1446
1303,1449
1304,1451
1305,1454
1306,1456
1307,1459
1308,1462
1309,1466
1310,1468
1311,1469
1312,1470
1313,1471
1314,1473
1315,1474
1316,1475
1317,1478
1318,1479
1319,1480
1320,1483
1321,1487
1322,1489
1323,1495
1324,1496
1325,1501
1326,1503
1327,1509
1328,1511
1329,1512
1330,1514
1331,1517
1332,1518
1333,1522
1334,1524
1335,1527
1336,1529
1337,1530
1338,1531
1339,1534
1340,1540
1341,1555
1342,1558
1343,1591
1344,1592
1345,1597
1346,1598
1347,1615
1348,1620
